+18009423767
+16058844130
+18666257291
+18003535920
+18888996650
+13132631171
+18558440114
+18882224227
+18442069035
+18665320423
+18558953393
+18003219637
+18662507212
+18889346489
+18776478552
+17204563720
+18442068573
+18554197365
+18669145806
+18009460332
+18662423315
+17135686986
+18553066998
+18009475096
+18005812620
+16147582335
+15862500071
+17189356740
+18776983261
+15052530591
+12065390456
+18002927508
+18779473639
+18557077328
+12012010089
+18009149244
+12064532329
+18008068840
+18669513700
+18102725120
+13033238692
+18335258081
+18009378997
+18775875726
+18778235399
+31103180406
+31103180407
+31103188856
+31108920400
+31134634900
+31182200013
+31202091180
+31202119920
+31202134531
+31202265194
+31202279303
+31207060014
+31302061014
+31307125776
+31316550003
+31332096457
+31332096712
+31332096980
+31332137540
+31352019505
+31402071474
+31402291122
+31534876888
+31570768301
+31580502130
+31612616455
+31617407181
+31620348959
+31623197835
+31625277365
+31627840569
+31628282952
+31628784203
+31628877018
+31644196164
+31644677344
+31646455395
+31682262701
+31683558391
+31683827962
+31684776454
+31702071023
+31702071241
+31702171046
+31742045520
+31850501499
+31850870183
+31850870713
+31852087866
+31857325695
+31882111460
+31882716420
+31885016700
+31887226600
+31887751600